0.0,0.0,0.0,0.00101602830911,0.0,0.00173671984696,0.0,0.0,0.00245588940474,0.0,0.0610686530991,0.0,0.000633554213091,0.0610686530991,0.0,0.0145834518974,0.0,0.00237027406005,0.0021173957148,0.0
0.0
0.0,0.0,0.0,0.00443975689821,0.00298479278366,0.0,0.00409275556126,0.0,0.0
0.0624326720767,0.0660774834262,0.0137690593384
0.0,0.00231293316567,0.000809008321896,0.00178812849251,0.00106400406395,0.00547582920351,0.00126762819199,0.00165623582456,0.000592231760612,0.00281540076209,5.3365390493e-05,0.000672576911305,0.000601787617085,0.000391212713811,0.000592231760612,0.00620197794548,5.3365390493e-05
0.0
0.0578686257099,3.30879035809e-05,0.0006133917915,0.000189593610424,0.000594503094014,4.77040671255e-06,0.00101178509866,0.000767394684128,1.48720768654e-05,0.0,0.000162518026945,0.00338993954435,0.000270390784166,0.057082930555,0.000404548257341,0.0,0.0,0.0019899420843,0.00290633207935,0.000180607148723
0.0,0.0
0.0
0.0,0.0,0.0,0.0,0.0,0.0,0.0,0.0,0.0,0.0
0.0,0.0,0.0,0.0
0.00430291820794,0.00379792703007,0.000843578779512,0.00114432012684,0.000645774831877,0.0,0.000524338186086,0.00831046635682,0.00251525553251,0.00708086734357,0.00203873738487,0.00377153969009,0.0,0.000883878319012,0.00709487358716,0.0084953851509,0.000460577594503,0.0,0.000732076220306,0.000808661450639,0.00423557767213,0.0,0.0062866390355,0.0,0.000262849494172,0.0,0.0013061952138,0.000518962494149,0.0,0.00315132464945
0.0
0.0,2.25650074334e-05,6.77676287738e-05,9.03326362072e-05,0.0
0.0,0.0
0.00238146991365,0.00043768379506,0.00541490048274,0.0021397217156,0.0237272350364,0.00147267695316,0.00457779053386,0.0013797672312,0.0,0.00299686646595,0.000305712318003,0.0,0.0094681475121,0.0128907682489,0.0020083513408,0.00213646407957,0.00260658470942,0.00157687808763,0.00144246705998,0.00109845278866,0.00202651650899,0.000660259104628,0.00129707531494,0.00208936682082,0.00244087511771,0.0036253360383,0.00546052022497,0.00264427980882,0.0,0.0182686635731,0.00141257715327,0.023524473907,0.00207191572142,0.00108248712795,0.0,0.00498354919778,0.00070707844255,0.0304962100516,0.0535402763286,0.00380731959609,0.00324063305043,0.000506078817147,0.0021167905901,0.000302790533495,0.00147231291597,0.00138458092759,0.000973584500348,0.00113317816754,0.00180815652104,0.000408704272839,0.00384756999383,0.000589983396859,0.000627790396831,0.00623388861618,0.00302412922364,0.0530370845195,0.00199882911137,0.000146350765114,0.000627790396831,0.000989408216256,0.0,0.000749284897897,0.00173118306842,0.000679454580053,0.00013423861072,0.000632173497759,0.0,0.00181259959486,0.00374643778028,0.0125112944272,0.00868659247375,0.00173222539108,0.00150185918133,0.000337626089942,0.00232173766747,0.00196254670204,0.00246553762843,0.00217016129864,0.0155600530223,0.0126861343083,0.00218576270241,0.000627790396831,0.00236424062544,0.0170851746226,0.00575102968431,0.00475280041517,0.000302790533495,0.0371487415402,0.000260112475743,0.0293101404765,0.000827937695813,0.00387413539925,0.000848846925601,0.00221479540172,0.000818329078154,0.000146350765114,0.0305452938922,0.00133207839748,0.000974003745811,0.00155080870201,0.00154904340423,0.00272665616019,0.00670419613102,0.0339445635173,0.000261401960283,0.00201296688326,0.00142114732659,0.00105828201931,3.42914054637e-05,0.00202613181818,0.00370117193965,0.00183888418877,0.00271837617548,0.010099885617,0.00320005252254,0.000192401222109,0.0,0.00417731889887,0.0102913306237,0.00134153290805,0.00138436090118,0.0015450979905,0.00489479122698,0.00226336053034,0.00266619815711,0.000991676790403,0.000783427628434,0.00287281247944,0.00254526882117,0.000711446880095,0.000627790396831,0.00545001006938,0.0101428710654
0.00150739439614,0.000947236219822,0.000191994985627,0.00200212508049,2.64336268067e-05,0.00326237844446,0.000270178953894,0.000933859492578,0.00247553841473,0.000904798616673,0.000431729728665,0.00300559884323,0.000407549173214,0.00110617014166,0.00075031163394,7.01677882149e-05,0.00118417840683,0.000199273384588,0.000211263475006,0.00110781417692,0.0,4.0877163195e-05,0.00136906255458,0.000160318206965,0.000416313702678,4.07621984757e-05,0.00528516504175,0.00316821856915,0.0,0.000726303515405,0.000553216940236,0.00156159712481
0.0225834129738,0.0,0.0,0.0,0.0,0.0514980859282,0.0289146729545,0.0,0.0
0.0
1.7895998678e-06,0.0,6.44296631658e-08,8.03683043254e-08,2.1068547464e-06,1.56732052984e-07,3.44656846412e-06,1.51506595874e-07,1.10838874074e-07,3.882896688e-07,4.11856591275e-05,4.13723496276e-05,9.23212173024e-08
0.00451788189409,0.00451788189409,0.000197553727383,0.00451788189409,0.000197553727383,0.00451788189409
0.0
0.0
6.20689520427e-24,1.63226203211e-21,1.62605513691e-21