0.0
0.0
0.0,0.0,0.0,0.25,0.25,0.0,0.25,0.0,0.0
1.0,1.0,1.0
0.0,0.1875,0.25,0.3125,0.125,0.375,0.0625,0.1875,0.0625,0.25,0.0625,0.1875,0.1875,0.3125,0.0625,0.4375,0.0625
0.0
0.0
0.0,0.0
0.0
0.0
0.0,0.0,0.0,0.0
0.241379310345,0.379310344828,0.0344827586207,0.172413793103,0.103448275862,0.0,0.0344827586207,0.48275862069,0.448275862069,0.275862068966,0.137931034483,0.275862068966,0.0,0.48275862069,0.344827586207,0.344827586207,0.0689655172414,0.0,0.206896551724,0.206896551724,0.241379310345,0.0,0.413793103448,0.0,0.0344827586207,0.0,0.137931034483,0.103448275862,0.0,0.275862068966
0.0
0.0,0.25,0.25,0.5,0.0
1.0,1.0
0.0
0.0
0.0
0.0
0.166666666667,0.0,0.25,0.5,0.583333333333,0.333333333333,0.666666666667,0.666666666667,0.75,0.666666666667,0.75,0.833333333333,0.666666666667
0.2,0.2,0.2,0.2,0.2,0.2
0.0
0.0
0.5,1.0,0.5