0.144927536232,0.565217391304,0.202898550725,0.202898550725,0.217391304348,0.623188405797,0.521739130435,0.202898550725,0.391304347826,0.246376811594,0.391304347826,0.202898550725,0.159420289855,0.0289855072464,0.275362318841,0.333333333333,0.260869565217,0.333333333333,0.304347826087,0.202898550725,0.289855072464,0.130434782609,0.246376811594,0.724637681159,0.478260869565,0.159420289855,0.202898550725,0.594202898551,0.217391304348,0.68115942029,0.608695652174,0.144927536232,0.333333333333,0.507246376812,0.63768115942,0.246376811594,0.231884057971,0.188405797101,0.260869565217,0.246376811594,0.173913043478,0.275362318841,0.202898550725,0.246376811594,0.579710144928,0.391304347826,0.144927536232,0.115942028986,0.101449275362,0.217391304348,0.246376811594,0.0289855072464,0.347826086957,0.159420289855,0.449275362319,0.159420289855,0.304347826087,0.0869565217391,0.565217391304,0.246376811594,0.130434782609,0.144927536232,0.144927536232,0.31884057971,0.188405797101,0.565217391304,0.695652173913,0.144927536232,0.260869565217,0.260869565217
0.0
0.203947368421,0.0328947368421,0.223684210526,0.473684210526,0.190789473684,0.144736842105,0.223684210526,0.263157894737,0.381578947368,0.197368421053,0.269736842105,0.302631578947,0.144736842105,0.361842105263,0.480263157895,0.526315789474,0.276315789474,0.243421052632,0.625,0.355263157895,0.223684210526,0.427631578947,0.302631578947,0.513157894737,0.375,0.625,0.0921052631579,0.546052631579,0.190789473684,0.223684210526,0.565789473684,0.157894736842,0.131578947368,0.151315789474,0.144736842105,0.375,0.322368421053,0.190789473684,0.348684210526,0.309210526316,0.480263157895,0.401315789474,0.289473684211,0.289473684211,0.453947368421,0.434210526316,0.447368421053,0.309210526316,0.322368421053,0.302631578947,0.131578947368,0.0921052631579,0.427631578947,0.203947368421,0.223684210526,0.460526315789,0.348684210526,0.276315789474,0.322368421053,0.322368421053,0.138157894737,0.539473684211,0.0657894736842,0.0526315789474,0.506578947368,0.144736842105,0.282894736842,0.0394736842105,0.289473684211,0.578947368421,0.276315789474,0.236842105263,0.328947368421,0.414473684211,0.131578947368,0.322368421053,0.0657894736842,0.105263157895,0.164473684211,0.427631578947,0.328947368421,0.0328947368421,0.684210526316,0.25,0.381578947368,0.25,0.0789473684211,0.335526315789,0.0986842105263,0.0921052631579,0.309210526316,0.276315789474,0.427631578947,0.493421052632,0.203947368421,0.0723684210526,0.0723684210526,0.388157894737,0.368421052632,0.236842105263,0.381578947368,0.625,0.394736842105,0.644736842105,0.565789473684,0.197368421053,0.144736842105,0.434210526316,0.453947368421,0.289473684211,0.473684210526,0.0657894736842,0.125,0.302631578947,0.263157894737,0.414473684211,0.164473684211,0.144736842105,0.322368421053,0.388157894737,0.309210526316,0.361842105263,0.25,0.611842105263,0.361842105263,0.144736842105,0.375,0.171052631579,0.151315789474,0.368421052632,0.407894736842,0.171052631579,0.480263157895,0.565789473684,0.269736842105,0.0263157894737,0.342105263158,0.289473684211,0.361842105263,0.486842105263,0.164473684211,0.328947368421,0.361842105263,0.486842105263,0.322368421053,0.236842105263,0.401315789474,0.138157894737,0.0986842105263,0.388157894737,0.388157894737,0.348684210526,0.282894736842
1.0,1.0
0.0
0.210526315789,0.421052631579,0.210526315789,0.315789473684,0.736842105263,0.684210526316,0.315789473684,1.0,0.789473684211,0.105263157895,0.421052631579,0.684210526316,0.421052631579,0.210526315789,0.315789473684,0.526315789474,0.368421052632,0.526315789474,0.842105263158,0.263157894737
0.727272727273,0.545454545455,0.0,0.545454545455,0.636363636364,0.636363636364,0.636363636364,0.454545454545,0.818181818182,0.181818181818,0.727272727273,0.454545454545
0.158536585366,0.109756097561,0.207317073171,0.0487804878049,0.317073170732,0.0731707317073,0.109756097561,0.0365853658537,0.536585365854,0.0609756097561,0.0731707317073,0.0975609756098,0.317073170732,0.292682926829,0.134146341463,0.219512195122,0.219512195122,0.0243902439024,0.121951219512,0.341463414634,0.378048780488,0.146341463415,0.109756097561,0.378048780488,0.0243902439024,0.19512195122,0.0853658536585,0.134146341463,0.182926829268,0.0853658536585,0.0853658536585,0.0731707317073,0.170731707317,0.0609756097561,0.292682926829,0.0609756097561,0.121951219512,0.0853658536585,0.0243902439024,0.365853658537,0.0609756097561,0.0609756097561,0.292682926829,0.121951219512,0.0975609756098,0.19512195122,0.341463414634,0.243902439024,0.0853658536585,0.40243902439,0.0853658536585,0.231707317073,0.341463414634,0.146341463415,0.134146341463,0.0121951219512,0.146341463415,0.0243902439024,0.158536585366,0.365853658537,0.0731707317073,0.0487804878049,0.19512195122,0.341463414634,0.0853658536585,0.219512195122,0.268292682927,0.0975609756098,0.0487804878049,0.146341463415,0.121951219512,0.109756097561,0.0,0.0487804878049,0.170731707317,0.390243902439,0.329268292683,0.280487804878,0.134146341463,0.292682926829,0.256097560976,0.0853658536585,0.121951219512
0.0
0.45,0.5,0.3,0.4,0.45,0.2,0.35,0.35,0.25,0.4,0.35,0.3,0.35,0.45,0.05,0.35,0.4,0.35,0.5,0.25,0.4
0.0,0.5,0.5
0.941176470588,0.823529411765,0.588235294118,0.823529411765,0.705882352941,0.941176470588,0.882352941176,1.0,0.823529411765,1.0,0.882352941176,0.882352941176,0.411764705882,1.0,1.0,0.882352941176,0.941176470588,0.882352941176
0.0
1.0,1.0,0.75,0.75,0.625,0.75,0.625,0.625,0.625
0.0
0.888888888889,0.777777777778,0.0,0.777777777778,0.888888888889,0.666666666667,0.222222222222,0.777777777778,0.777777777778,0.666666666667
0.555555555556,0.555555555556,0.222222222222,0.222222222222,0.444444444444,0.555555555556,0.0,0.444444444444,0.555555555556,0.222222222222