0.0,0.666666666667,0.666666666667,0.666666666667,0.666666666667,0.0,0.666666666667
0.0869565217391,0.130434782609,0.536231884058,0.492753623188,0.623188405797,0.449275362319,0.449275362319,0.63768115942,0.652173913043,0.434782608696,0.376811594203,0.666666666667,0.666666666667,0.478260869565,0.739130434783,0.0,0.492753623188,0.550724637681,0.666666666667,0.391304347826,0.463768115942,0.753623188406,0.623188405797,0.579710144928,0.608695652174,0.405797101449,0.579710144928,0.594202898551,0.550724637681,0.478260869565,0.391304347826,0.594202898551,0.463768115942,0.478260869565,0.507246376812,0.652173913043,0.347826086957,0.478260869565,0.463768115942,0.0289855072464,0.405797101449,0.63768115942,0.333333333333,0.623188405797,0.260869565217,0.478260869565,0.217391304348,0.608695652174,0.115942028986,0.478260869565,0.376811594203,0.565217391304,0.217391304348,0.159420289855,0.449275362319,0.782608695652,0.434782608696,0.463768115942,0.0,0.434782608696,0.652173913043,0.550724637681,0.768115942029,0.652173913043,0.565217391304,0.217391304348,0.31884057971,0.536231884058,0.768115942029,0.666666666667
0.0
1.0,1.0,1.0,1.0
0.5,0.0,0.0,0.0,0.4,0.0,0.5,0.4,0.0,0.4,0.2
1.0,1.0,1.0,1.0,1.0,1.0
0.0,0.0,0.0
1.0,1.0,1.0,0.909090909091,1.0,0.909090909091,1.0,0.909090909091,0.454545454545,0.909090909091,0.818181818182,0.818181818182
1.0,0.777777777778,0.666666666667,0.333333333333,0.777777777778,0.666666666667,0.777777777778,0.333333333333,0.777777777778,0.777777777778
0.0
0.0
0.833333333333,0.222222222222,0.777777777778,0.555555555556,0.888888888889,0.777777777778,0.944444444444,0.722222222222,0.388888888889,0.722222222222,0.888888888889,0.833333333333,0.833333333333,0.944444444444,0.888888888889,0.722222222222,0.833333333333,0.833333333333,0.5
0.833333333333,0.833333333333,0.0,0.833333333333,0.666666666667,0.666666666667,0.5
0.0,0.333333333333,0.333333333333,0.0
0.666666666667,0.666666666667,0.666666666667,0.0
0.0
0.833333333333,0.666666666667,0.333333333333,0.666666666667,0.5,0.833333333333,0.166666666667
0.333333333333,0.333333333333,0.0,0.0
0.0,0.0,0.0
0.0
0.670995670996,0.5670995671,0.779220779221,0.515151515152,0.69696969697,0.666666666667,0.277056277056,0.787878787879,0.82683982684,0.138528138528,0.393939393939,0.047619047619,0.549783549784,0.731601731602,0.779220779221,0.493506493506,0.753246753247,0.848484848485,0.363636363636,0.0562770562771,0.376623376623,0.649350649351,0.705627705628,0.484848484848,0.779220779221,0.839826839827,0.658008658009,0.519480519481,0.125541125541,0.835497835498,0.12987012987,0.69696969697,0.787878787879,0.805194805195,0.649350649351,0.281385281385,0.766233766234,0.839826839827,0.844155844156,0.597402597403,0.21645021645,0.705627705628,0.640692640693,0.636363636364,0.575757575758,0.398268398268,0.727272727273,0.519480519481,0.800865800866,0.519480519481,0.593073593074,0.662337662338,0.5670995671,0.705627705628,0.65367965368,0.727272727273,0.155844155844,0.428571428571,0.748917748918,0.848484848485,0.012987012987,0.484848484848,0.679653679654,0.718614718615,0.575757575758,0.0952380952381,0.30303030303,0.497835497835,0.805194805195,0.701298701299,0.766233766234,0.792207792208,0.545454545455,0.125541125541,0.848484848485,0.848484848485,0.69696969697,0.709956709957,0.748917748918,0.714285714286,0.181818181818,0.445887445887,0.666666666667,0.670995670996,0.623376623377,0.865800865801,0.584415584416,0.766233766234,0.142857142857,0.402597402597,0.753246753247,0.78354978355,0.809523809524,0.255411255411,0.805194805195,0.571428571429,0.796536796537,0.705627705628,0.506493506494,0.363636363636,0.774891774892,0.662337662338,0.731601731602,0.372294372294,0.800865800866,0.796536796537,0.774891774892,0.709956709957,0.458874458874,0.380952380952,0.649350649351,0.0649350649351,0.640692640693,0.52380952381,0.393939393939,0.580086580087,0.844155844156,0.874458874459,0.792207792208,0.627705627706,0.61038961039,0.584415584416,0.731601731602,0.645021645022,0.82683982684,0.536796536797,0.848484848485,0.800865800866,0.00865800865801,0.480519480519,0.0692640692641,0.813852813853,0.0,0.779220779221,0.584415584416,0.536796536797,0.822510822511,0.385281385281,0.865800865801,0.636363636364,0.0606060606061,0.727272727273,0.766233766234,0.458874458874,0.757575757576,0.748917748918,0.774891774892,0.549783549784,0.207792207792,0.774891774892,0.735930735931,0.831168831169,0.502164502165,0.350649350649,0.636363636364,0.722943722944,0.796536796537,0.818181818182,0.614718614719,0.709956709957,0.683982683983,0.774891774892,0.359307359307,0.69696969697,0.519480519481,0.311688311688,0.761904761905,0.12987012987,0.636363636364,0.69696969697,0.142857142857,0.69696969697,0.108225108225,0.0519480519481,0.575757575758,0.662337662338,0.735930735931,0.813852813853,0.164502164502,0.164502164502,0.311688311688,0.770562770563,0.813852813853,0.645021645022,0.562770562771,0.930735930736,0.025974025974,0.722943722944,0.688311688312,0.493506493506,0.822510822511,0.822510822511,0.69696969697,0.12987012987,0.623376623377,0.714285714286,0.709956709957,0.571428571429,0.012987012987,0.463203463203,0.796536796537,0.00865800865801,0.190476190476,0.692640692641,0.779220779221,0.74025974026,0.670995670996,0.541125541126,0.818181818182,0.874458874459,0.593073593074,0.484848484848,0.666666666667,0.619047619048,0.813852813853,0.709956709957,0.753246753247,0.424242424242,0.735930735931,0.796536796537,0.562770562771,0.636363636364,0.813852813853,0.606060606061,0.597402597403,0.623376623377,0.766233766234,0.748917748918,0.753246753247,0.82683982684,0.796536796537,0.61038961039
0.0
0.0
0.0,0.0,0.166666666667,0.166666666667,0.166666666667,0.166666666667,0.0
0.0
0.0
0.25,0.75,0.5,0.5,0.5
0.210526315789,0.684210526316,0.157894736842,0.684210526316,0.736842105263,0.631578947368,0.578947368421,0.684210526316,0.736842105263,0.368421052632,0.789473684211,0.473684210526,0.842105263158,0.684210526316,0.210526315789,0.789473684211,0.473684210526,0.736842105263,0.894736842105,0.0
0.0
1.0,1.0,1.0,1.0,1.0
0.0
0.384615384615,0.307692307692,0.230769230769,0.461538461538,0.307692307692,0.307692307692,0.461538461538,0.307692307692,0.0,0.461538461538,0.307692307692,0.307692307692,0.307692307692,0.307692307692
0.0
0.909090909091,0.818181818182,0.909090909091,0.818181818182,0.181818181818,0.272727272727,0.818181818182,0.818181818182,0.818181818182,0.818181818182,0.818181818182,0.909090909091
1.0,0.111111111111,0.333333333333,0.555555555556,0.333333333333,0.444444444444,0.333333333333,0.777777777778,0.333333333333,0.666666666667
0.9,0.8,0.8,0.7,0.1,0.1,0.8,0.7,0.8,0.7,0.8
0.0810810810811,0.027027027027,0.027027027027,0.0945945945946,0.0,0.0135135135135,0.027027027027,0.027027027027,0.0135135135135,0.0135135135135,0.0405405405405,0.0945945945946,0.0540540540541,0.0675675675676,0.135135135135,0.027027027027,0.0405405405405,0.135135135135,0.027027027027,0.027027027027,0.0540540540541,0.0,0.108108108108,0.0405405405405,0.0945945945946,0.0135135135135,0.0135135135135,0.108108108108,0.0540540540541,0.0135135135135,0.027027027027,0.0405405405405,0.0135135135135,0.0810810810811,0.0945945945946,0.0135135135135,0.0675675675676,0.0135135135135,0.0675675675676,0.027027027027,0.0405405405405,0.0810810810811,0.108108108108,0.0135135135135,0.0135135135135,0.027027027027,0.0810810810811,0.0,0.0540540540541,0.0945945945946,0.0675675675676,0.0135135135135,0.108108108108,0.027027027027,0.0540540540541,0.027027027027,0.0540540540541,0.027027027027,0.0,0.0675675675676,0.0405405405405,0.0405405405405,0.108108108108,0.0135135135135,0.0810810810811,0.0405405405405,0.0135135135135,0.0675675675676,0.0,0.0135135135135,0.0810810810811,0.027027027027,0.0675675675676,0.121621621622,0.0810810810811
0.75,0.75,1.0,0.5,1.0
0.439393939394,0.181818181818,0.80303030303,0.757575757576,0.787878787879,0.848484848485,0.651515151515,0.765151515152,0.613636363636,0.522727272727,0.143939393939,0.621212121212,0.704545454545,0.704545454545,0.810606060606,0.568181818182,0.613636363636,0.636363636364,0.840909090909,0.681818181818,0.772727272727,0.242424242424,0.583333333333,0.643939393939,0.659090909091,0.628787878788,0.621212121212,0.878787878788,0.568181818182,0.454545454545,0.878787878788,0.484848484848,0.55303030303,0.727272727273,0.424242424242,0.734848484848,0.568181818182,0.787878787879,0.795454545455,0.734848484848,0.55303030303,0.621212121212,0.772727272727,0.280303030303,0.939393939394,0.106060606061,0.901515151515,0.219696969697,0.515151515152,0.606060606061,0.590909090909,0.583333333333,0.522727272727,0.55303030303,0.848484848485,0.666666666667,0.19696969697,0.530303030303,0.787878787879,0.636363636364,0.568181818182,0.55303030303,0.674242424242,0.55303030303,0.863636363636,0.80303030303,0.469696969697,0.757575757576,0.75,0.113636363636,0.530303030303,0.25,0.181818181818,0.666666666667,0.560606060606,0.583333333333,0.590909090909,0.530303030303,0.75,0.537878787879,0.69696969697,0.734848484848,0.681818181818,0.55303030303,0.787878787879,0.0909090909091,0.659090909091,0.431818181818,0.719696969697,0.666666666667,0.734848484848,0.477272727273,0.5,0.189393939394,0.393939393939,0.818181818182,0.613636363636,0.666666666667,0.515151515152,0.530303030303,0.712121212121,0.659090909091,0.780303030303,0.651515151515,0.704545454545,0.757575757576,0.69696969697,0.848484848485,0.151515151515,0.409090909091,0.742424242424,0.560606060606,0.901515151515,0.492424242424,0.689393939394,0.628787878788,0.5,0.424242424242,0.492424242424,0.924242424242,0.0984848484848,0.484848484848,0.643939393939,0.666666666667,0.878787878788,0.742424242424,0.689393939394,0.568181818182,0.113636363636,0.522727272727,0.719696969697,0.666666666667,0.143939393939
0.666666666667,0.333333333333,0.666666666667,0.333333333333
0.928571428571,0.642857142857,0.5,0.785714285714,0.928571428571,0.785714285714,0.571428571429,0.357142857143,0.642857142857,0.642857142857,0.785714285714,0.571428571429,0.642857142857,0.714285714286,0.357142857143
0.0
0.923076923077,1.0,0.846153846154,0.769230769231,0.307692307692,0.846153846154,0.769230769231,0.846153846154,0.0769230769231,0.846153846154,0.846153846154,0.769230769231,0.923076923077,0.846153846154
0.0
1.0,1.0,1.0,1.0,1.0,1.0,1.0,1.0
0.75,0.75,0.75,0.0,0.75