0.0,5.42937185018e-06,1.52440238514e-06,1.08155168852e-05,2.61704707776e-06,0.0,8.00319211281e-06
0.00151295112286,0.000497444145356,0.00528930837112,0.0106909309429,0.0119570833526,0.00376551705826,0.00231735149992,0.00551325972656,0.0445267060102,0.00107657387402,0.00825041026936,0.00734669498665,0.00588861528818,0.00558418684406,0.0160504688982,0.0,0.024549749354,0.00352122291704,0.00111271911266,0.00540024856277,0.00678140470842,0.0132720736859,0.0155296592998,0.00115842364662,0.00658851675497,0.0121383082697,0.00265741495371,0.00689917390016,0.0100369687358,0.0115135265864,0.00430286260605,0.0179153453578,0.00428852275342,0.00904651119917,0.00297495834988,0.0119387506075,0.00095123886515,0.00161980102105,0.00615212832485,2.69937635675e-05,0.0026237298634,0.00769988935858,0.00135395190991,0.0037566604601,0.00361202812127,0.000689713658686,0.00226850971739,0.0119037602657,0.0165898779572,0.00855645282385,0.022721106487,0.0108081743616,0.0348298548515,0.00288070945626,0.00596791939677,0.0493199441873,0.00494427427571,0.00956151105464,0.0,0.0116930910334,0.0134595378383,0.000805717695513,0.00341147807765,0.00118337559879,0.00914670091625,0.000895675769686,0.00746554044154,0.000698297248224,0.0039825088715,0.0133315857893
0.0
7.2859655679e-06,6.98830393474e-06,5.84643992797e-06,5.54877829482e-06
9.15150633333e-06,0.0,0.0,0.0,2.77933173489e-05,0.0,1.28008579067e-05,2.15119774531e-05,0.0,5.16979273279e-06,1.77847163686e-07
0.000256277570711,0.000271133048394,0.00224612800584,0.00109840757668,0.00302653548392,0.000840747727736
0.0,0.0,0.0
0.00012942799665,8.06876251664e-05,0.000210105731239,0.00027411306125,0.000704996784617,0.00680531734191,0.000473247987122,9.28547116955e-05,6.14595331211e-05,0.000799261257408,0.00652048599883,0.000145361567638
0.0150267190072,0.0731930055758,0.0301813480525,0.0421393547089,0.0330259295224,0.028996242118,0.027476558302,0.0548251073703,0.0294989892802,0.0311294896503
0.0
0.00109872575365,0.00357193189956,0.0,0.0013709760264,0.000394410967976,0.00183099182409,0.000704314785672,0.00251471016105,0.0434930140298,0.000465705536678,0.000588520861358,0.00206424256636,0.00113897224662,0.0,0.00367494468013,0.000666408242986,0.000869101887039,0.00228254047831,0.00347969616953,0.000957125126102,0.0012560424806,0.0411106330111,0.00296625881527,0.00206424256636,0.0021343986244,0.0,0.00205619736846
0.000688699095861,0.000474078683658,0.00184348481466,0.00107646421018,0.00044997456294,0.000986909941321,0.00179413444871,0.000666341716948,0.000266985220374,0.000255743344078,0.003706194262,0.00262646627691,0.00470998480489,0.00368212792264,0.00072762840119,0.000559711085853,0.000141136125233,0.00285315576217,8.27939580333e-05
0.0053961109907,0.0041208357692,0.0,0.00267425385129,0.0209877176143,0.0194306767949,0.000773046864011
0.0,9.20262331931e-05,9.20262331931e-05,0.0
1.95091936055e-16,1.89138035784e-17,2.10480008777e-16,0.0
0.010614048529,0.00446178818677,0.0,0.00214763992101,0.014083206449,0.0094679531746,0.00190122554016,0.0035127552056,0.00459469559151,0.00615172997687,0.0129051242673,0.0312554600697,0.00102557898553,0.00272781429741,0.00279594883274,0.00622193842189,0.0359500747647,0.0,0.0341655151651,0.00258619253815,0.00891303998986,0.0068147880549,0.00998778723762,0.00596011722077,0.0100868880392,0.00336620620652,0.00810270539322,0.0348341698659,0.0238502589215,0.00854728847462,0.00584515121951,0.0,0.00340977092249,0.0131925431881,0.00548542810948,0.00812504212565,0.0417044375447,0.00653598062502,0.0253469421434,0.00898095019247,0.06749589189,0.0255113654972,0.002329174478,0.00620565012882,0.00940541668169,0.00799836380364,0.00563941234246,0.00235319201105,0.00579683906341,0.00779102874865
4.1425579541e-05,0.000109156431342,2.89870255471e-05,8.86188600075e-05,3.70526939402e-05,1.1631052613e-05,1.40478610899e-07
7.16360199245e-06,7.16360199245e-06,0.0,0.0
0.0,0.0,0.0
0.0
0.00144961562532,0.00123882928792,0.000315471043989,0.00115875928485,0.00118034091572,0.000489078830715,6.16264065598e-05,0.000820698986516,0.00161546185003,0.000423311673216,0.000523761619439,3.17900604838e-05,0.00251510508085,0.000696860619048,0.000586948485258,0.00166315159479,0.000760602532468,0.000448966071797,9.88640692222e-05,6.76971326881e-05,0.000135453824475,0.000190266099343,0.0024789455955,0.000236565469266,0.00153180756806,0.000543143281228,0.00133019730859,0.00105783927547,7.85158878409e-05,0.000128367646887,7.96421023092e-06,2.16482753574e-05,0.000433815806094,0.00183194201874,0.00101839636503,0.000160371477522,0.00268765723542,6.46319723249e-05,0.0018239069859,6.80743106607e-05,6.94700366217e-05,0.000110587214717,0.000528941161632,0.000961418538712,4.05701718858e-05,0.00034282047275,0.000999349442686,0.000582491211484,0.000112749252767,0.000381827913643,0.000376489350634,0.000566753717868,0.000411525582815,0.00129443425876,0.00629802059401,0.000145051147411,3.84160999394e-05,0.000547750862199,0.000343152343438,0.000704211652689,3.69322106028e-05,0.000647360648248,0.000693572084142,0.000852616349418,0.000645654308951,1.70260222208e-05,0.000187477546423,0.000772069878034,0.000439446835778,0.000134507588475,0.000148324072111,0.000773475545442,0.00108087679668,3.44547690549e-05,0.00119469875381,1.77301391041e-05,0.001308720201,0.00039616056278,0.00076820565957,0.000581543061993,7.87229895666e-05,0.00191051005282,0.000846483851422,0.000186577622005,5.51067965651e-05,9.15607248139e-05,0.000762401358156,0.000244799379822,3.55113493993e-05,0.00545518996342,0.000736986828671,0.00113312691452,0.00112019623812,0.00148945641655,0.00699646713877,0.000887711712904,0.000210490949447,0.000838722036451,0.00161121775154,0.00131040129162,0.0014089209673,0.000535701138072,0.00132999534676,0.00123823265336,0.000272255128543,0.000755860177108,0.00841476796911,0.000630509847859,0.000218191754077,0.000647801567909,0.00243064466834,3.02951355751e-05,0.000683686241319,0.000709135944521,0.000277434909045,0.000272125678626,0.000413400889659,4.364336244e-05,0.000880030415979,0.00195990376909,0.000486833407124,0.000152664352062,0.000641078463172,0.000150432367347,0.000380833214621,0.00212060381384,0.000438603399722,6.34975873139e-05,0.000228216726096,0.00131881591019,4.39570727314e-05,0.000446653453657,0.0,0.00167734997111,0.000498498480907,0.000228379520389,0.0016747383071,0.000254000593635,0.000553882931301,0.00354594879012,0.000227889819253,0.000417683238017,2.95487686766e-05,3.4547072942e-05,0.00141998639004,0.000924623970347,0.000330623223172,0.00199207641923,0.000586694958119,0.000139797727049,0.000257395939091,0.00167921546431,0.000122487512532,0.00127128290305,0.000335907817482,0.00059708472156,0.000664052345138,0.0106503968653,0.000157937217061,0.000239764128135,0.00202331002597,0.00137774362733,0.00140284325706,0.00277959743815,0.00141460874106,0.000661145895858,0.000391250416709,4.85456749268e-05,0.000374389122499,0.00606235861581,0.00467068090191,0.000906184684281,5.97066893273e-06,1.69703276659e-05,0.000608158606592,0.000177339871221,0.000114142627173,0.00062714739117,0.000564389112569,5.05274422063e-05,0.000196891107802,0.000840584853762,0.000440689881633,0.000569476036908,0.000196792755345,0.000178569421363,4.77612342608e-05,0.00286675590122,0.000604033241223,0.00267022667548,0.000389986454031,0.000817006783711,0.00026437760578,2.4817173858e-05,0.000306942737405,0.00121697272561,0.00120029625476,0.000797123266238,3.03005866444e-06,7.07890934013e-05,0.00255593964122,8.05445355415e-05,0.000229444290442,0.000348959039521,0.000284616112928,0.00236156154331,0.0021533363637,8.27571272256e-05,0.000723291369753,0.00110346979663,0.000750802357342,0.000443729480482,0.00176021277388,0.000722244844412,0.000304821754041,0.000349620785935,0.00139147710386,0.00045900282636,0.000755919711159,0.00107349104874,0.00025058451875,0.00102627515103,0.00142033473274,0.000464832876788,0.000557209104549,0.000118512180325,0.0010762907768,8.51079740447e-05,0.000361280662342,0.000273640475823,0.00111761510356,0.0100330081012
0.00870301954613,0.0105943794297,0.00270348999789,0.04989140521,0.00692040605481,0.00429126918351,0.00684647824041,0.00622358472578,0.00497713937131,0.00802137581885,0.00719121951515,0.00283394268246,0.00425254848579,0.00170953764667,0.00737251780066,0.00371361213723,0.0279990423321,0.00238232109026,0.0052269892591,0.00484994924698,0.0103248068819,0.0071251792285,0.00900517064129,0.0230333961052,0.00503642038246,0.00168354741095,0.00311874768125,0.00903707346989,0.0017951488814,0.00277834347158,0.00816519735334,0.00329375699222,0.00321567574499,0.0123430070924,0.0586692531255,0.00460297758392,0.0471921095624,0.00371711458724,0.0478946066572,0.0052447968663,0.0131338188279,0.0050600367775,0.0,0.00868132689293,0.00102916022513,0.00074409003061,0.00302582259564,0.000939457380337,0.00344223647387,0.0,0.0075865758691,0.0124518668813,0.00351550498226,0.00342362332095,0.000355289128243,0.00359257124496,0.0094725729757,0.00542062889615,0.00396955044213,0.0544671363451
0.0
0.0,0.0,0.00708353443041,0.00708353443041,0.00708353443041,0.00708353443041,0.0
0.0
0.0
5.04169313237e-05,1.70597500683e-06,5.1132900966e-05,1.99510865453e-06,2.8228864077e-06
6.929985295e-05,0.000840924408373,0.000573994381149,0.00128062245437,0.00247644201557,0.00112164557397,0.000820932372153,0.00210797476945,0.000666496617299,0.00224304700242,0.00182302622682,0.000258572294231,0.00145919158228,0.00148636061483,2.29240334213e-05,0.00353508474369,0.0022922120864,0.00024729590513,0.0013100154076,0.0
0.0
1.67867954633e-10,4.09370177809e-10,8.44801442099e-11,3.75167689036e-11,3.61817720023e-10
1.6234143644e-21,3.61617648515e-23,1.58725259955e-21,0.0
0.00368788655006,0.00197797065961,0.00247502427131,0.0125504734377,0.000888375378118,0.00146576275048,0.0141739320518,0.00112287138511,0.0,0.00819307270187,0.0064811531392,0.000553460753694,0.00771760364654,0.00111541638911
2.74782591453e-08,4.76108864229e-10,0.0,2.91541740356e-08,1.20695474887e-09,0.0
0.0109825379731,0.00773636455966,0.0116207928939,0.0401788337179,0.00270897450894,0.00248889543784,0.0122815839655,0.0312166915969,0.00448654624487,0.0197011885602,0.0144346205623,0.00185979677726
0.112377129512,0.0147437982436,0.0194410966247,0.0764306834438,0.0499560161183,0.0302183903384,0.0241609427784,0.0378126743204,0.0731364054075,0.102521762027
0.010619270031,0.0138366117667,0.0205060436551,0.0154477161957,0.00129112746204,0.000407890826148,0.0217077179077,0.00857838745727,0.00685266997439,0.0117138866569,0.00278855019829
0.00407575989458,0.00350618965934,0.000506878730455,0.00911595486485,0.0,0.00114578472611,0.00144023563438,0.0022028108885,0.00180201028906,0.00114578472611,0.00155202426196,0.00324880449727,0.00196444520224,0.00133851111038,0.0028141236522,9.91608301339e-05,0.000753688559751,0.00157791390837,0.000624560988654,0.00082458369443,0.0012603771346,0.0,0.00257201211147,0.00175328570746,0.0146212955682,0.000412291847215,0.000412291847215,0.00115720319204,0.00510309948798,0.000412291847215,0.0025663991707,0.0035801607045,0.00180201028906,0.000939543788929,0.00778719702579,0.000212269141439,0.000763850680931,0.000412291847215,0.00329680639872,0.00149903479351,0.00157087022764,0.00200165200135,0.0025801754822,0.00114578472611,0.00114578472611,0.000465322770776,0.00266118593724,0.0,0.000892081273225,0.0101832790511,0.00194933088691,0.000133618372519,0.0220144511561,0.000524924613697,0.0026718276498,0.00378101937783,0.00919678269828,0.00029455235926,0.0,0.00102522885588,0.00388066392413,0.000815773669107,0.00542776872053,0.0135135135135,0.00307354858852,0.000749821605391,0.000188186998561,0.00255774487941,0.0,9.71488752549e-05,0.00486194509608,0.000569805112279,0.00129069263246,0.00426323912367,0.000268432678869
2.23321998255e-18,5.14208178414e-18,9.66606611471e-19,9.47792408366e-21,2.34686775718e-18
0.00591261487282,0.00178754922343,0.00455571457237,0.00982021908994,0.00658180514515,0.0013787972968,0.00247975443516,0.00723291900069,0.00352801308881,0.00644701402985,0.00234602448789,0.00494421941763,0.0674526951567,0.0026411997188,0.00629254694765,0.00464025035114,0.0064888217973,0.0504165587255,0.00552224692924,0.00151639941105,0.00323913266935,0.0170603543785,0.0552734375939,0.00688113621575,0.00374230323609,0.00154067690854,0.00624404244453,0.00372693430528,0.0030733638272,0.0431546410476,0.00588926284439,0.00578661048234,0.0121673475428,0.0600247755536,0.00701911807631,0.0037120793197,0.0047833207999,0.00515082636157,0.00621286937912,0.0111535240158,0.00312009430305,0.0626445188809,0.00882034724583,0.0280965900289,0.00517862511562,0.00126081218117,0.0125422795919,0.00258039375528,0.00653779581902,0.00266945390892,0.0506838187299,0.00449005589,0.00539349126301,0.00538320856195,0.0187977875563,0.00438925318739,0.0104798700017,0.00416519754616,0.0766537695807,0.0074753187601,0.00540406311347,0.00658887107178,0.0199334071934,0.0419965079569,0.00832241563839,0.00959532753552,0.0049766455825,0.00567444186913,0.0547125838369,0.0018077913535,0.00769910195803,0.000930682120102,0.00516030349171,0.0039091039653,0.00239366627623,0.0064783711552,0.00890887823561,0.0055278364801,0.00309552828602,0.00348943239396,0.0126609742619,0.00259139882451,0.00369012354534,0.00663696179426,0.00991823248972,0.00243229247332,0.0103954151305,0.00636835424734,0.00758081041533,0.00270690162,0.00148921993024,0.00813128792481,0.00542385755869,0.00178268518897,0.0077034986441,0.0785570567007,0.0063674498522,0.00837608173081,0.00608528874316,0.0202001949854,0.0034512715867,0.00839214342621,0.0643656638106,0.00718082403226,0.0105421352822,0.00333752612292,0.00462927044594,0.00674323757538,0.000883101721299,0.00294075729675,0.0112930333772,0.00234514859746,0.0873982518267,0.0144806426931,0.00484780477576,0.00723643532444,0.0518533596942,0.00140713878978,0.00841141287742,0.00511277511429,0.00142820415977,0.0373293547253,0.00524625836297,0.00142335456064,0.000637815321024,0.00697690888748,0.00848098854964,0.00907730602266,0.00105079992977,0.00779178473756,0.0064484908388,0.0101957908435,0.00409957012733
0.12779332681,0.0984109251064,0.162307588511,0.0638966634048
0.0437428997786,0.0252938917446,0.0415553941182,0.163450221718,0.0413127866678,0.0614623919716,0.127806940067,0.0459703026397,0.0363190765493,0.0143869938127,0.178532531563,0.0230200684709,0.133861399383,0.134364734588,0.0449430367873
0.00312677932161,0.00438554617693,0.0114319833901,0.000831958695799,0.000816443820152,0.000831095091068,0.000316145555291,0.0178177450857,0.00135244123279,0.00330486032909,0.00679057928303,0.00358750448774,0.000875731389701,0.016325431084,0.00939820566619,0.00246870174295,0.00124671383688,0.00400935780175,0.0112312456527,0.000921973385961,0.00319879991566,0.0103995837851,0.00537551007666,0.00396203603443,0.000106764877303,0.00033375287549,0.000470467034875,0.00102651424645,0.00243165200805,0.00799285499815,0.00826203043053,0.0354149847337,0.0296824810027,0.000932616856014,0.00084078604458,0.000178086175283,0.0127289366358,0.000821244285881,0.0022346761375,0.0142746088478,0.00158651655064,0.00486510542371,0.00204255053058,0.0246231982957,0.00203478751012,0.00239125471858,0.00139026549985,0.010702132991,0.00227244429429,0.00139533661407,0.00432954774805,0.00298415583692,0.00331348139865,0.000676074099539,0.00318821574089,0.0,0.0,0.00813562257101,0.00931670547226,0.00234448781456,0.0151194330673,0.00774889087835,0.00904477290979,0.00119590094394,0.0125470468445,0.00212829594337,0.0033021326784,0.0166475342539,0.00124266712811,0.00309957255287,0.00246573433711,0.00283868748816,0.0044226901742,0.000922324696159,0.00515137860714,0.00615495864688,0.0244164196395,0.00158265924845,0.00132443998966,0.00300721589373,0.00194668904914,0.00991077370088,0.00539114144841,0.00428975315665,0.004783893423,0.00347755383158,0.00303376498962,0.00761036852185,0.00316316527608,0.00249391298612,0.00817542361159,0.00550312345421,0.0027534758411,0.00667175677172,0.0163936296924,0.00185227307517,0.00466497320647,0.0455923452734,0.00729760450645,0.00617478755699,0.00233540998823,0.0017739666063,0.0136354040081,0.00207640935274,0.0046102930705,0.00210326507519,0.0357081966028,0.00733207401623,0.00645241159064,0.00406644695086,0.00635023936002,0.0115375138184,0.0120866658363,0.0175339619584,0.00161579472191,0.00146316388734,0.0108264849016,0.00539943206269,0.00455553218919,0.00459871397876,0.00692733467044,0.0312947779378,0.0306085272719,0.00561978545212,0.00848086376572,0.0097843235801,0.00224766269597,0.0034779595647,0.00965904804219,0.000581997299175,0.00898979799077,0.00145901059447,0.011174996234,0.00498442778844,0.00729655482806,0.00157410320363,0.00280996608379,0.00292463240496,0.00515113701871,0.0229335808479,0.0139604797947,0.00216414158678,0.00213481275927,0.00501122772388,0.00248125191051,0.00168478838518,0.00404580038374,0.00242774233683,0.0243721442455,0.0105172977872,0.00472540056698,0.00330788663578,0.00186727693584,0.00327800764307,0.00508366715526,0.0114309085869,0.0,0.0078685714148,0.00425258659503,0.00124414615013,0.00982165262334
0.00565865001577,0.00942306616827,0.0185920761688,0.0198222760483,0.00854563249604,0.0099114704659,0.0418003714377,0.0207496234006,0.00104916666842,0.0170277523751,0.0448276031129,0.016403049146,0.0303043663648,0.0277421698561
0.0931836927248,0.0,0.0,0.0931836927248
0.000136015349181,0.000127229607167,1.42656603683e-06,1.54287081839e-05,2.05348944434e-05,6.62997804071e-05,1.25796366606e-05,2.00788436451e-05
0.00770726712492,0.00739902328816,0.000549179280874,0.0,0.000857423117636