5.01423851696e-08,3.12623089775e-07,1.5936223901e-08,2.17165504552e-07,3.49666081525e-09,4.0673989788e-09,2.83790707696e-08,1.34878799873e-07,2.66069099589e-09
0.000525556175612,0.00757895120977,0.00697496637403,0.00112954101136
0.0468139577078,0.0172122085338,0.0249397328808,0.166666666667,0.166666666667,0.0218742248271,0.350545541867
0.0322394149103,0.0389168798828,0.0978665216016,0.0313060195366,0.0143331656283,0.0294592960164,0.0889588430961,0.0177627826878,0.127132280431,0.0133859755824,0.0153651928645,0.0184887905126,0.0393669964448,0.0104075004457,0.0180034860022,0.146648039524,0.112556665967,0.0492021298125,0.131686173412,0.0447296635005,0.0194971203101,0.0340222705893,0.00968006003916,0.0269262915147
0.0606702699396,0.273029086622,0.0820830252547,0.0639090803029,0.0684919727945,0.0442961841533,0.0479097804258,0.203414966203,0.1,0.235163153422,0.0795073552807
0.166666666667,0.198187802585,0.0,0.227550767528,0.0,0.4136506011,0.0603902729403
0.0
0.0,0.0
1.69493219534e-07,4.0466721869e-05,4.06362150885e-05
0.0
0.0
0.000586797497496,0.0013109578552,0.000586797497496,0.0305945360686,0.0396294547427,0.0655185440257,0.0173902690036,0.00310119929989,0.00533852389891
2.74052126336e-05,2.36107039335e-07,2.71691055943e-05
4.37833251717e-05,5.80485646423e-05,2.86876833074e-06,6.38450746799e-05,2.74418215758e-05
0.00119363145257,0.0145372084914,0.00728620620943,0.00159711533812,0.0136713697155,0.00758279907201,0.0143956233546,0.0425591743876,0.0,0.00480933722962,0.00119363145257,0.000272864103667,0.00642580660377,0.0212377602301,0.00334639930127,0.0239333908993,0.0031792478969,0.0134172744423,0.0,0.00886904416004,0.0159197017052,0.0027588444941,0.0,0.0151606834365,0.00493534146738,0.00109313199739,0.0184776956825,0.0175097553996,0.003177809053,0.00976643697314,0.0545699421849,0.0171608728477,0.00972290023932,0.020035452604,0.00364337152995,0.00223022578929,0.0,0.00400740601776,0.00963806169651,0.00800519334818,0.00238726290514,0.00631972722752,0.0289879385727,0.0134641781174,0.00583632847222,0.0204081632653,0.0612471914878,0.0223534044245,0.00213740900291,0.0080392515339
0.0126085169725,0.0817043779568,0.135058758008,0.0126085169725,0.0690958609843,0.104995133516,0.0693108461876,0.0442521466099,0.074325735175,0.115188430163
9.76481507632e-20,9.29184901431e-20,4.72966062008e-21
0.0,0.0
0.00128671621419,0.00138652581898,0.000188226531298,0.00467851733509,0.00251053792311,0.0014729380179
0.125834337536,0.2050123506,0.254526969998,0.0689091050199,0.134738721071,0.305708542845,0.0805890499023
0.0
0.0
0.115585902747,0.110268559318,0.0,0.225854462065
0.0
0.0,0.0
0.000164148738647,0.000826905132536,0.0,0.0,0.000194998054599,0.000897098941902,8.20743693234e-05,0.0,0.000206878614557
0.0,0.0
0.0
0.0
0.0
0.0
0.0165003610991,0.0165003610991,0.0