0.875,0.75,0.875,0.75,0.75,0.25,0.75,1.0,0.25
1.0,1.0,1.0,1.0
0.333333333333,0.166666666667,0.166666666667,0.166666666667,0.166666666667,0.166666666667,0.5
0.347826086957,0.347826086957,0.391304347826,0.434782608696,0.478260869565,0.304347826087,0.434782608696,0.0869565217391,0.478260869565,0.347826086957,0.173913043478,0.0869565217391,0.608695652174,0.130434782609,0.173913043478,0.739130434783,0.565217391304,0.608695652174,0.608695652174,0.478260869565,0.0869565217391,0.347826086957,0.130434782609,0.391304347826
0.5,0.4,0.2,0.3,0.5,0.3,0.2,0.5,0.1,0.6,0.4
0.166666666667,0.333333333333,0.0,0.5,0.0,0.666666666667,0.333333333333
0.0
1.0,1.0
0.5,0.5,1.0
0.0
0.0
0.125,0.25,0.125,0.5,0.5,0.75,0.5,0.625,0.625
1.0,0.5,0.5
1.0,1.0,1.0,1.0,1.0
0.0204081632653,0.244897959184,0.163265306122,0.0408163265306,0.285714285714,0.224489795918,0.30612244898,0.34693877551,0.0,0.265306122449,0.0204081632653,0.0408163265306,0.0612244897959,0.0408163265306,0.0612244897959,0.163265306122,0.142857142857,0.224489795918,0.0,0.122448979592,0.122448979592,0.0408163265306,0.0,0.183673469388,0.122448979592,0.0408163265306,0.204081632653,0.183673469388,0.0612244897959,0.0408163265306,0.163265306122,0.183673469388,0.0408163265306,0.102040816327,0.0816326530612,0.0408163265306,0.0,0.0816326530612,0.204081632653,0.163265306122,0.0408163265306,0.0816326530612,0.0816326530612,0.265306122449,0.142857142857,0.0204081632653,0.326530612245,0.387755102041,0.0612244897959,0.163265306122
0.111111111111,0.333333333333,0.555555555556,0.111111111111,0.222222222222,0.444444444444,0.777777777778,0.444444444444,0.333333333333,0.444444444444
1.0,0.5,0.5
0.0,0.0
0.4,0.8,0.8,1.0,0.6,0.8
0.5,0.666666666667,0.833333333333,0.666666666667,0.833333333333,1.0,0.5
0.0
0.0
0.333333333333,0.333333333333,0.0,0.666666666667
0.0
0.0,0.0
0.25,0.25,0.0,0.0,0.125,0.25,0.125,0.0,0.25
1.0,1.0
0.0
0.0
0.0
0.0
0.5,0.5,0.0