0.894736842105,0.894736842105,0.473684210526,0.947368421053,0.631578947368,0.526315789474,0.631578947368,0.789473684211,0.842105263158,0.631578947368,0.368421052632,0.842105263158,0.368421052632,0.526315789474,0.526315789474,0.578947368421,0.684210526316,0.789473684211,0.473684210526,0.947368421053
0.26,0.155,0.045,0.435,0.105,0.21,0.085,0.07,0.115,0.16,0.28,0.36,0.05,0.085,0.445,0.13,0.24,0.125,0.025,0.035,0.295,0.055,0.185,0.005,0.105,0.055,0.05,0.11,0.06,0.01,0.37,0.385,0.095,0.295,0.09,0.125,0.075,0.41,0.27,0.08,0.275,0.055,0.21,0.035,0.13,0.195,0.125,0.325,0.155,0.155,0.145,0.035,0.04,0.21,0.25,0.11,0.12,0.13,0.225,0.19,0.23,0.02,0.095,0.05,0.33,0.09,0.3,0.13,0.085,0.04,0.355,0.08,0.12,0.055,0.09,0.17,0.11,0.19,0.025,0.305,0.255,0.05,0.12,0.0,0.305,0.08,0.265,0.16,0.28,0.035,0.23,0.275,0.3,0.08,0.32,0.04,0.14,0.055,0.075,0.105,0.365,0.26,0.155,0.02,0.05,0.165,0.07,0.165,0.11,0.36,0.205,0.245,0.235,0.045,0.205,0.265,0.09,0.01,0.145,0.07,0.3,0.125,0.205,0.105,0.345,0.15,0.185,0.02,0.095,0.345,0.125,0.34,0.045,0.065,0.18,0.155,0.325,0.06,0.195,0.35,0.135,0.045,0.075,0.27,0.255,0.1,0.015,0.005,0.18,0.125,0.02,0.21,0.095,0.06,0.28,0.015,0.225,0.07,0.1,0.32,0.015,0.095,0.08,0.215,0.07,0.315,0.25,0.225,0.175,0.165,0.165,0.005,0.015,0.265,0.025,0.045,0.005,0.495,0.035,0.01,0.095,0.085,0.285,0.355,0.145,0.045,0.145,0.185,0.315,0.18,0.15,0.365,0.11,0.09,0.055,0.16,0.01,0.02,0.085,0.205,0.23
0.625,0.791666666667,0.916666666667,0.666666666667,0.666666666667,0.958333333333,0.916666666667,0.75,0.625,0.541666666667,0.708333333333,0.583333333333,0.666666666667,0.833333333333,0.916666666667,0.625,0.916666666667,0.958333333333,0.416666666667,1.0,1.0,0.791666666667,0.791666666667,0.833333333333,0.75
0.75,1.0,1.0,1.0,0.75
0.625,0.125,0.375,0.125,0.5,0.625,0.5,0.25,0.125
0.65,0.55,0.8,0.7,0.4,0.2,0.9,0.75,0.6,0.75,0.5,0.45,0.85,0.85,0.3,0.6,0.55,0.45,0.7,0.85,0.8
0.0
0.352941176471,0.176470588235,0.529411764706,0.117647058824,0.176470588235,0.647058823529,0.529411764706,0.235294117647,0.470588235294,0.470588235294,0.411764705882,0.647058823529,0.882352941176,0.411764705882,0.647058823529,0.294117647059,0.352941176471,0.529411764706
0.425,0.05,0.425,0.375,0.175,0.125,0.625,0.3,0.125,0.2,0.075,0.35,0.125,0.4,0.35,0.2,0.425,0.225,0.075,0.1,0.275,0.45,0.3,0.3,0.125,0.375,0.225,0.3,0.25,0.6,0.3,0.4,0.225,0.3,0.1,0.25,0.1,0.75,0.225,0.5,0.15
0.75,0.833333333333,0.833333333333,0.5,0.75,0.916666666667,0.583333333333,0.833333333333,0.25,0.5,1.0,0.75,0.166666666667
0.333333333333,0.333333333333,0.666666666667,0.666666666667
0.051724137931,0.413793103448,0.258620689655,0.637931034483,0.181034482759,0.336206896552,0.112068965517,0.26724137931,0.344827586207,0.568965517241,0.577586206897,0.413793103448,0.129310344828,0.48275862069,0.301724137931,0.543103448276,0.594827586207,0.146551724138,0.465517241379,0.137931034483,0.215517241379,0.0862068965517,0.586206896552,0.370689655172,0.439655172414,0.224137931034,0.336206896552,0.525862068966,0.258620689655,0.0344827586207,0.00862068965517,0.23275862069,0.241379310345,0.405172413793,0.181034482759,0.206896551724,0.215517241379,0.370689655172,0.327586206897,0.379310344828,0.51724137931,0.155172413793,0.465517241379,0.612068965517,0.0862068965517,0.137931034483,0.224137931034,0.181034482759,0.0344827586207,0.525862068966,0.405172413793,0.155172413793,0.51724137931,0.456896551724,0.275862068966,0.448275862069,0.413793103448,0.508620689655,0.543103448276,0.241379310345,0.0775862068966,0.5,0.439655172414,0.0431034482759,0.0603448275862,0.0344827586207,0.275862068966,0.112068965517,0.275862068966,0.189655172414,0.612068965517,0.224137931034,0.396551724138,0.396551724138,0.362068965517,0.448275862069,0.25,0.103448275862,0.5,0.310344827586,0.577586206897,0.258620689655,0.612068965517,0.543103448276,0.508620689655,0.370689655172,0.23275862069,0.465517241379,0.422413793103,0.310344827586,0.465517241379,0.379310344828,0.155172413793,0.48275862069,0.137931034483,0.362068965517,0.51724137931,0.413793103448,0.362068965517,0.284482758621,0.275862068966,0.0258620689655,0.275862068966,0.405172413793,0.655172413793,0.0172413793103,0.465517241379,0.568965517241,0.215517241379,0.301724137931,0.5,0.293103448276,0.25,0.594827586207,0.137931034483,0.353448275862,0.344827586207
0.875,0.75,0.75,0.25,0.875,0.875,0.875,0.625,0.875
0.112676056338,0.0845070422535,0.492957746479,0.295774647887,0.69014084507,0.352112676056,0.267605633803,0.0281690140845,0.352112676056,0.112676056338,0.281690140845,0.295774647887,0.0985915492958,0.507042253521,0.197183098592,0.323943661972,0.12676056338,0.521126760563,0.450704225352,0.394366197183,0.352112676056,0.422535211268,0.366197183099,0.43661971831,0.380281690141,0.295774647887,0.169014084507,0.323943661972,0.323943661972,0.521126760563,0.0422535211268,0.366197183099,0.422535211268,0.338028169014,0.338028169014,0.211267605634,0.267605633803,0.492957746479,0.295774647887,0.239436619718,0.464788732394,0.169014084507,0.281690140845,0.338028169014,0.478873239437,0.295774647887,0.295774647887,0.422535211268,0.408450704225,0.12676056338,0.225352112676,0.0422535211268,0.422535211268,0.295774647887,0.295774647887,0.267605633803,0.197183098592,0.535211267606,0.253521126761,0.450704225352,0.281690140845,0.253521126761,0.30985915493,0.0281690140845,0.0845070422535,0.704225352113,0.323943661972,0.366197183099,0.281690140845,0.154929577465,0.056338028169,0.323943661972