0.0,0.0
0.0,0.0
0.0
0.0,0.0,0.0
0.0
0.0
0.00688797976633,0.000234969239675,0.00539819910079,0.00440619030058,0.00430092749391,0.00126706621169,0.0113462660218,0.00248451906351,0.05,0.000628346855743,0.00135859907093,0.0157923212659,0.00226423893039,0.00404455565433,0.0115244311638,0.00123931428549,0.000779214307617,0.000761753146897,0.0514151413662,0.0,0.0019570378214,0.000920050824352
0.0
0.104791392959,0.116291433933,0.104791392959,0.162979105846
0.00799734553141,0.000171776396775,8.28220259736e-05,0.00820912073736,0.000694148002753,0.000367370512128
2.68022249722e-09,1.72002106531e-07,3.11597457238e-07,1.74168660636e-07
0.0,0.0
0.0
0.0
0.0
0.0
0.0,9.44697804212e-05,2.79390936869e-05,8.07715494046e-07,8.07289879827e-05