0.239436619718,0.0281690140845,0.154929577465,0.169014084507,0.352112676056,0.507042253521,0.0985915492958,0.225352112676,0.521126760563,0.56338028169,0.183098591549,0.323943661972,0.225352112676,0.464788732394,0.352112676056,0.267605633803,0.380281690141,0.0845070422535,0.197183098592,0.197183098592,0.323943661972,0.422535211268,0.169014084507,0.239436619718,0.281690140845,0.112676056338,0.183098591549,0.12676056338,0.112676056338,0.0140845070423,0.633802816901,0.295774647887,0.211267605634,0.366197183099,0.0,0.281690140845,0.239436619718,0.408450704225,0.112676056338,0.295774647887,0.380281690141,0.380281690141,0.267605633803,0.253521126761,0.295774647887,0.211267605634,0.0281690140845,0.295774647887,0.169014084507,0.239436619718,0.352112676056,0.619718309859,0.366197183099,0.267605633803,0.0845070422535,0.323943661972,0.352112676056,0.323943661972,0.0281690140845,0.267605633803,0.380281690141,0.056338028169,0.225352112676,0.253521126761,0.549295774648,0.0422535211268,0.211267605634,0.253521126761,0.0422535211268,0.056338028169,0.450704225352,0.0
0.05,0.2,0.35,0.4,0.05,0.15,0.3,0.0,0.15,0.3,0.25,0.05,0.2,0.2,0.25,0.2,0.0,0.55,0.3,0.25,0.1
0.0333333333333,0.0,0.0666666666667,0.166666666667,0.133333333333,0.233333333333,0.166666666667,0.133333333333,0.333333333333,0.166666666667,0.366666666667,0.1,0.433333333333,0.133333333333,0.0333333333333,0.233333333333,0.1,0.1,0.433333333333,0.1,0.333333333333,0.166666666667,0.266666666667,0.433333333333,0.1,0.333333333333,0.233333333333,0.433333333333,0.233333333333,0.2,0.2
0.0
0.204819277108,0.144578313253,0.132530120482,0.265060240964,0.421686746988,0.192771084337,0.168674698795,0.614457831325,0.66265060241,0.373493975904,0.373493975904,0.602409638554,0.493975903614,0.240963855422,0.493975903614,0.349397590361,0.0963855421687,0.156626506024,0.180722891566,0.277108433735,0.180722891566,0.590361445783,0.168674698795,0.373493975904,0.21686746988,0.240963855422,0.240963855422,0.144578313253,0.120481927711,0.21686746988,0.0963855421687,0.566265060241,0.277108433735,0.373493975904,0.204819277108,0.325301204819,0.457831325301,0.277108433735,0.33734939759,0.240963855422,0.192771084337,0.530120481928,0.192771084337,0.0963855421687,0.55421686747,0.253012048193,0.481927710843,0.313253012048,0.240963855422,0.385542168675,0.44578313253,0.21686746988,0.253012048193,0.301204819277,0.361445783133,0.144578313253,0.204819277108,0.397590361446,0.313253012048,0.168674698795,0.385542168675,0.313253012048,0.240963855422,0.204819277108,0.301204819277,0.771084337349,0.542168674699,0.33734939759,0.313253012048,0.457831325301,0.397590361446,0.44578313253,0.21686746988,0.313253012048,0.0240963855422,0.180722891566,0.204819277108,0.277108433735,0.44578313253,0.0240963855422,0.180722891566,0.204819277108,0.0843373493976,0.602409638554
0.25,0.25,0.5,0.75,0.25
0.1875,0.625,0.5,0.5,0.625,0.1875,0.4375,0.625,0.625,0.375,0.375,0.0625,0.375,0.0625,0.25,0.25,0.5625
0.0
0.423076923077,0.423076923077,0.307692307692,0.307692307692,0.0384615384615,0.269230769231,0.0769230769231,0.5,0.307692307692,0.192307692308,0.0384615384615,0.115384615385,0.0384615384615,0.269230769231,0.269230769231,0.0384615384615,0.153846153846,0.153846153846,0.269230769231,0.115384615385,0.269230769231,0.230769230769,0.230769230769,0.0384615384615,0.115384615385,0.0,0.0384615384615
0.19,0.09,0.14,0.03,0.06,0.07,0.33,0.33,0.02,0.36,0.09,0.34,0.04,0.09,0.27,0.17,0.11,0.12,0.46,0.3,0.07,0.18,0.09,0.15,0.14,0.04,0.08,0.01,0.02,0.13,0.11,0.2,0.08,0.09,0.15,0.2,0.14,0.08,0.13,0.24,0.05,0.04,0.25,0.01,0.02,0.09,0.07,0.34,0.54,0.1,0.39,0.07,0.07,0.1,0.2,0.13,0.33,0.08,0.16,0.09,0.12,0.12,0.21,0.36,0.05,0.12,0.04,0.05,0.14,0.22,0.1,0.18,0.3,0.18,0.14,0.1,0.46,0.34,0.08,0.25,0.05,0.28,0.23,0.22,0.3,0.03,0.17,0.11,0.14,0.13,0.07,0.14,0.14,0.22,0.08,0.02,0.07,0.06,0.29,0.07,0.37
1.0,1.0,1.0,1.0
0.0769230769231,0.461538461538,0.692307692308,0.692307692308,0.230769230769,0.307692307692,0.538461538462,0.153846153846,0.692307692308,0.615384615385,0.230769230769,0.538461538462,0.307692307692,0.153846153846
0.388888888889,0.472222222222,0.416666666667,0.305555555556,0.638888888889,0.333333333333,0.388888888889,0.416666666667,0.0277777777778,0.277777777778,0.472222222222,0.444444444444,0.138888888889,0.472222222222,0.25,0.25,0.555555555556,0.166666666667,0.333333333333,0.0,0.388888888889,0.5,0.222222222222,0.0,0.25,0.138888888889,0.277777777778,0.361111111111,0.222222222222,0.388888888889,0.416666666667,0.583333333333,0.0277777777778,0.0833333333333,0.277777777778,0.361111111111,0.0833333333333
0.0