0.916666666667,0.916666666667,0.833333333333,0.833333333333,0.916666666667,0.166666666667,1.0,0.833333333333,0.916666666667,0.666666666667,0.666666666667,0.833333333333,0.833333333333
0.0
1.0,0.583333333333,0.25,0.833333333333,0.416666666667,0.583333333333,0.75,0.916666666667,0.583333333333,0.583333333333,0.75,0.75,0.833333333333
0.0
1.0,1.0
0.666666666667,0.833333333333,0.666666666667,0.833333333333,1.0,0.5,0.833333333333
0.5,0.0,0.5
1.0,1.0
0.857142857143,1.0,1.0,0.428571428571,0.857142857143,0.714285714286,0.714285714286,1.0
0.0
0.0
0.0
0.0,0.0