0.0100616491748,0.073338878975,0.123492043271,0.0148029501232,0.135266856176,0.0123424624721,0.00883434978798,0.0115658287509,0.0575785283053,0.0194391452378,0.00401813923284,0.0259986986981,0.02436104037
0.104949111041,0.0292232830511,0.00670789087394,0.0121334885519,0.191551687495,0.0101323027947,0.00452357911729,0.173915976389,0.00935744995605,0.054717279318,0.116358882764,0.194067411442,0.0138518334895,0.0,0.00643902907902,0.0150719190452
0.032585352182,0.135175222558,0.107099498624,0.127548456393,0.0681867114389,0.1316405487,0.0334553576502,0.150830049629,0.0495550905548,0.0376446103244,0.0204363665922,0.0830654133843,0.200551840382
0.234432873239,0.144796628057,0.0536867858106,0.374924957915,0.338219631972,0.200777249151,0.265787544202,0.374924957915,0.0661289201149,0.0,0.0946928988125
0.0,0.0
0.216487899092,0.0842731406185,0.0600065884349,0.0664786847151,0.1139981441,0.190152270343,0.0944681131208
1.14893805288e-223,0.0,1.14893805288e-223
0.0,0.0
5.58103727835e-05,4.29321703519e-07,4.36207821629e-07,1.31767495866e-07,3.61162267166e-06,2.23614307084e-06,5.6207974788e-05,4.21927125322e-07
0.0
0.00102720469435,0.00150064105151,0.0,0.00150064105151,0.0,0.0
0.0
0.0,0.0